  0.1162459775805473E+00  0.2000000029802322E+00  0.1000014149856569E+06  0.6079586982727051E+01 -0.3233551234006882E-01
  0.1165768567123912E+00  0.2000000029802322E+00  0.1000014233355158E+06  0.6079603671819288E+01 -0.2958141526680207E-01
  0.1172992915204090E+00  0.2000000029802322E+00  0.1000014307273073E+06  0.6079751015154760E+01 -0.3047446368039545E-01
  0.1182857927314973E+00  0.2000000029802322E+00  0.1000014357503644E+06  0.6079804897308867E+01 -0.2987198368169661E-01
  0.1193656745918059E+00  0.2000000029802323E+00  0.1000014357061718E+06  0.6079792499611327E+01 -0.2989961275365979E-01
  0.1203521758028943E+00  0.2000000029802322E+00  0.1000014358660187E+06  0.6079758644156652E+01 -0.3021026557193582E-01
  0.1210746106109120E+00  0.2000000029802322E+00  0.1000014352581393E+06  0.6079781532373533E+01 -0.2944486104781044E-01
  0.1214054897427559E+00  0.2000000029802322E+00  0.1000014324244744E+06  0.6079801082611084E+01 -0.3047405928373337E-01
  0.1214054897427559E+00  0.2000000029802322E+00  0.1000014324244744E+06  0.6079801082611084E+01 -0.3047405928373337E-01
  0.1217392466952016E+00  0.2000000029802322E+00  0.1000014354302121E+06  0.6079828262423331E+01 -0.2951683997429079E-01
  0.1224679648785485E+00  0.2000000029802322E+00  0.1000014360724448E+06  0.6079902648925328E+01 -0.3010164945716527E-01
  0.1234630461819900E+00  0.2000000029802322E+00  0.1000014355088076E+06  0.6079906940501751E+01 -0.2964375671036430E-01
  0.1245523203126657E+00  0.2000000029802323E+00  0.1000014354096325E+06  0.6079895496320602E+01 -0.2963670858851605E-01
  0.1255474016161071E+00  0.2000000029802322E+00  0.1000014294906481E+06  0.6079893588735178E+01 -0.3021156087172539E-01
  0.1262761197994541E+00  0.2000000029802322E+00  0.1000014255699937E+06  0.6079959392458470E+01 -0.2965363068434946E-01
  0.1266098767518997E+00  0.2000000029802322E+00  0.1000014219912246E+06  0.6079987049102783E+01 -0.3075665049254894E-01
  0.1266098767518997E+00  0.2000000029802322E+00  0.1000014219912246E+06  0.6079987049102783E+01 -0.3075665049254894E-01
  0.1269465096137264E+00  0.2000000029802322E+00  0.1000014169709926E+06  0.6080009937340370E+01 -0.2968137612148753E-01
  0.1276815069994818E+00  0.2000000029802322E+00  0.1000014154789561E+06  0.6080033779163847E+01 -0.2952794923568428E-01
  0.1286851626970581E+00  0.2000000029802322E+00  0.1000014135426087E+06  0.6080006122563062E+01 -0.2910713973868484E-01
  0.1297838228604980E+00  0.2000000029802323E+00  0.1000014134192504E+06  0.6079998493189696E+01 -0.2887799776137250E-01
  0.1307874785580743E+00  0.2000000029802322E+00  0.1000014142744521E+06  0.6080039978202397E+01 -0.2871248806582904E-01
  0.1315224759438297E+00  0.2000000029802322E+00  0.1000014206100913E+06  0.6080146312619412E+01 -0.2848365720264669E-01
  0.1318591088056564E+00  0.2000000029802322E+00  0.1000014253150494E+06  0.6080159187316895E+01 -0.2853420190513134E-01
  0.1318591088056564E+00  0.2000000029802322E+00  0.1000014253150494E+06  0.6080159187316895E+01 -0.2853420190513134E-01
  0.1322014963530764E+00  0.2000000029802322E+00  0.1000014224046322E+06  0.6080158710533527E+01 -0.2850716342444484E-01
  0.1329490584030297E+00  0.2000000029802322E+00  0.1000014225958105E+06  0.6080163478812775E+01 -0.2831621899338097E-01
  0.1339698714362031E+00  0.2000000029802322E+00  0.1000014223769664E+06  0.6080149650586408E+01 -0.2827653442342102E-01
  0.1350873130215758E+00  0.2000000029802323E+00  0.1000014228936150E+06  0.6080155372653945E+01 -0.2822100671728920E-01
  0.1361081260547492E+00  0.2000000029802322E+00  0.1000014242740405E+06  0.6080213069469048E+01 -0.2798975490348563E-01
  0.1368556881047026E+00  0.2000000029802322E+00  0.1000014224835140E+06  0.6080299377211404E+01 -0.2812845156456862E-01
  0.1371980756521225E+00  0.2000000029802322E+00  0.1000014169471295E+06  0.6080286502838135E+01 -0.2685821615159512E-01
  0.1533944457769394E+00  0.2000000029802322E+00  0.1000014049843978E+06  0.6080919742584229E+01 -0.2563893608748913E-01
  0.1537454643971387E+00  0.2000000029802322E+00  0.1000014136877802E+06  0.6080933572243657E+01 -0.2663596845539678E-01
  0.1545118713569287E+00  0.2000000029802322E+00  0.1000014158700101E+06  0.6081117153604731E+01 -0.2573178483867319E-01
  0.1555584175443887E+00  0.2000000029802322E+00  0.1000014157649368E+06  0.6081197261750895E+01 -0.2602085129353194E-01
  0.1567040281438590E+00  0.2000000029802323E+00  0.1000014158425925E+06  0.6081185817543054E+01 -0.2566547438336031E-01
  0.1577505743313189E+00  0.2000000029802322E+00  0.1000014076300756E+06  0.6081136703531189E+01 -0.2475171082448172E-01
  0.1585169812911089E+00  0.2000000029802322E+00  0.1000014080158644E+06  0.6081182955802989E+01 -0.2526982796105200E-01
  0.1588679999113083E+00  0.2000000029802322E+00  0.1000014150384855E+06  0.6081223487854004E+01 -0.2430638112127781E-01
  0.1588679999113083E+00  0.2000000029802322E+00  0.1000014150384855E+06  0.6081223487854004E+01 -0.2430638112127781E-01
  0.1592247741727112E+00  0.2000000029802322E+00  0.1000014188366265E+06  0.6081271647586449E+01 -0.2499920585101697E-01
  0.1600037478831595E+00  0.2000000029802322E+00  0.1000014145698712E+06  0.6081375598765444E+01 -0.2429805140288764E-01
  0.1610674542553258E+00  0.2000000029802322E+00  0.1000014079872483E+06  0.6081350326600789E+01 -0.2427364527330903E-01
  0.1622318493955302E+00  0.2000000029802323E+00  0.1000014161220256E+06  0.6081327915173069E+01 -0.2377884002134686E-01
  0.1632955557676965E+00  0.2000000029802322E+00  0.1000014197267606E+06  0.6081371307901385E+01 -0.2325172463398873E-01
  0.1640745294781448E+00  0.2000000029802322E+00  0.1000014180501092E+06  0.6081552029660410E+01 -0.2306260140801513E-01
  0.1644313037395477E+00  0.2000000029802322E+00  0.1000014248775282E+06  0.6081587791442871E+01 -0.2473916858434677E-01
  0.1644313037395477E+00  0.2000000029802322E+00  0.1000014248775282E+06  0.6081587791442871E+01 -0.2473916858434677E-01
  0.1647880770453402E+00  0.2000000029802322E+00  0.1000014196067055E+06  0.6081595897369483E+01 -0.2316471349914166E-01
  0.1655670486693283E+00  0.2000000029802322E+00  0.1000014187991841E+06  0.6081620693289720E+01 -0.2457288828232168E-01
  0.1666307521923854E+00  0.2000000029802322E+00  0.1000014217842950E+06  0.6081586360756392E+01 -0.2396439866216522E-01
  0.1677951442137884E+00  0.2000000029802323E+00  0.1000014177294050E+06  0.6081591129042579E+01 -0.2415929400040522E-01
  0.1688588477368455E+00  0.2000000029802322E+00  0.1000014176532863E+06  0.6081705571593960E+01 -0.2516084011109186E-01
  0.1696378193608334E+00  0.2000000029802322E+00  0.1000014116978356E+06  0.6081878185906548E+01 -0.2390249952729475E-01
  0.1699945926666260E+00  0.2000000029802322E+00  0.1000014068120273E+06  0.6081850051879883E+01 -0.2539261057972908E-01
  0.1699945926666260E+00  0.2000000029802322E+00  0.1000014068120273E+06  0.6081850051879883E+01 -0.2539261057972908E-01
  0.1703571216136221E+00  0.2000000029802322E+00  0.1000014069191326E+06  0.6081851005698072E+01 -0.2368630913675346E-01
  0.1711486599882684E+00  0.2000000029802322E+00  0.1000014124665505E+06  0.6081768989484399E+01 -0.2502223238233953E-01
  0.1722295236960318E+00  0.2000000029802322E+00  0.1000014106661185E+06  0.6081841468193244E+01 -0.2483186528690532E-01
  0.1734127002581689E+00  0.2000000029802323E+00  0.1000013985126835E+06  0.6082000256164167E+01 -0.2500943767128250E-01
  0.1744935639659324E+00  0.2000000029802322E+00  0.1000014113946780E+06  0.6082087516747528E+01 -0.2534857987559717E-01
  0.1752851023405786E+00  0.2000000029802322E+00  0.1000014108266537E+06  0.6082067966433215E+01 -0.2430662275616528E-01
  0.1756476312875748E+00  0.2000000029802322E+00  0.1000013961453489E+06  0.6082088470458984E+01 -0.2483244985342026E-01
  0.1756476312875748E+00  0.2000000029802322E+00  0.1000013961453489E+06  0.6082088470458984E+01 -0.2483244985342026E-01
  0.1760159139645537E+00  0.2000000029802322E+00  0.1000014045768939E+06  0.6082067966451000E+01 -0.2359209744325927E-01
  0.1768200149169377E+00  0.2000000029802322E+00  0.1000014093286563E+06  0.6082100868656700E+01 -0.2451088339470666E-01
  0.1779180331111890E+00  0.2000000029802322E+00  0.1000014079742221E+06  0.6082212448250782E+01 -0.2347380055651753E-01
  0.1791199879764575E+00  0.2000000029802323E+00  0.1000014000357087E+06  0.6082319259548706E+01 -0.2305772726767298E-01
  0.1802180061707088E+00  0.2000000029802322E+00  0.1000014043434843E+06  0.6082352638399046E+01 -0.2357790426354264E-01
  0.1810221071230927E+00  0.2000000029802322E+00  0.1000014014904367E+06  0.6082296848331477E+01 -0.2181598866499912E-01
  0.1813903898000717E+00  0.2000000029802322E+00  0.1000013940953907E+06  0.6082289218902588E+01 -0.2448040805757046E-01
  0.1813903898000717E+00  0.2000000029802322E+00  0.1000013940953907E+06  0.6082289218902588E+01 -0.2448040805757046E-01
  0.1817615488642369E+00  0.2000000029802322E+00  0.1000014051633105E+06  0.6082293033773448E+01 -0.2141118795133096E-01
  0.1825719300622595E+00  0.2000000029802322E+00  0.1000014105600755E+06  0.6082485198483221E+01 -0.2268762107092838E-01
  0.1836785240752002E+00  0.2000000029802322E+00  0.1000014097034734E+06  0.6082578659083192E+01 -0.2211240875041883E-01
  0.1848898665326336E+00  0.2000000029802323E+00  0.1000014095927673E+06  0.6082567215021940E+01 -0.2235897427318421E-01
  0.1859964605455743E+00  0.2000000029802322E+00  0.1000014157182369E+06  0.6082516670210977E+01 -0.2305585088248773E-01
  0.1868068417435969E+00  0.2000000029802322E+00  0.1000014114120640E+06  0.6082578658921434E+01 -0.2232673116677648E-01
  0.1871780008077621E+00  0.2000000029802322E+00  0.1000014037883128E+06  0.6082623004913330E+01 -0.2369244955480099E-01
  0.1871780008077621E+00  0.2000000029802322E+00  0.1000014037883128E+06  0.6082623004913330E+01 -0.2369244955480099E-01
  0.1875520381703343E+00  0.2000000029802322E+00  0.1000014047347362E+06  0.6082671642863483E+01 -0.2236830867397028E-01
  0.1883687037869162E+00  0.2000000029802322E+00  0.1000014130065615E+06  0.6082754611922154E+01 -0.2337287895606496E-01
  0.1894838793167647E+00  0.2000000029802322E+00  0.1000014142355146E+06  0.6082710743020226E+01 -0.2291009734307080E-01
  0.1907046156039658E+00  0.2000000029802323E+00  0.1000014029098826E+06  0.6082694053665968E+01 -0.2319350887145536E-01
  0.1918197911338144E+00  0.2000000029802322E+00  0.1000014069882297E+06  0.6082774639861651E+01 -0.2416245443282081E-01
  0.1926364567503962E+00  0.2000000029802322E+00  0.1000014048774422E+06  0.6082970141692364E+01 -0.2352469778984973E-01
  0.1930104941129684E+00  0.2000000029802322E+00  0.1000013919514660E+06  0.6082983493804932E+01 -0.2475293725728989E-01
  0.1930104941129684E+00  0.2000000029802322E+00  0.1000013919514660E+06  0.6082983493804932E+01 -0.2475293725728989E-01
  0.1933902852055235E+00  0.2000000029802322E+00  0.1000014074563256E+06  0.6082979678823537E+01 -0.2338954293559319E-01
  0.1942195133998430E+00  0.2000000029802322E+00  0.1000014042684836E+06  0.6082932472266567E+01 -0.2404251619674486E-01
  0.1953518434161794E+00  0.2000000029802322E+00  0.1000013952986898E+06  0.6082957744853235E+01 -0.2360517251866956E-01
  0.1965913580065119E+00  0.2000000029802323E+00  0.1000014041219846E+06  0.6083048343293543E+01 -0.2362855679885048E-01
  0.1977236880228483E+00  0.2000000029802322E+00  0.1000014058083194E+06  0.6083146572215930E+01 -0.2380414626703624E-01
  0.1985529162171678E+00  0.2000000029802322E+00  0.1000013950886362E+06  0.6083180427614102E+01 -0.2317148117609381E-01
  0.1989327073097229E+00  0.2000000029802322E+00  0.1000013836565865E+06  0.6083163261413574E+01 -0.2256743423640728E-01
  0.1989327073097229E+00  0.2000000029802322E+00  0.1000013836565865E+06  0.6083163261413574E+01 -0.2256743423640728E-01
  0.1993211304306677E+00  0.2000000029802322E+00  0.1000013914882805E+06  0.6083171844496965E+01 -0.2308392206747634E-01
  0.2001692056212842E+00  0.2000000029802322E+00  0.1000013974749338E+06  0.6083181858060895E+01 -0.2230963673032466E-01
  0.2013272716410163E+00  0.2000000029802322E+00  0.1000013979748034E+06  0.6083265305223318E+01 -0.2255284164836276E-01
  0.2025949583642480E+00  0.2000000029802323E+00  0.1000014019610061E+06  0.6083385466861247E+01 -0.2232942646327322E-01
  0.2037530243839800E+00  0.2000000029802322E+00  0.1000013923360520E+06  0.6083436012266594E+01 -0.2143519001127525E-01
  0.2046010995745965E+00  0.2000000029802322E+00  0.1000013921991602E+06  0.6083363532529979E+01 -0.2198050541372041E-01
  0.2049895226955414E+00  0.2000000029802322E+00  0.1000013981543562E+06  0.6083355903625488E+01 -0.2030594460666180E-01
  0.2049895226955414E+00  0.2000000029802322E+00  0.1000013981543562E+06  0.6083355903625488E+01 -0.2030594460666180E-01
  0.2053808231592828E+00  0.2000000029802322E+00  0.1000014057950385E+06  0.6083362578421024E+01 -0.2250081477916757E-01
  0.2062351806819983E+00  0.2000000029802322E+00  0.1000014056260005E+06  0.6083605765305351E+01 -0.2159384733217855E-01
  0.2074018253695289E+00  0.2000000029802322E+00  0.1000013955613911E+06  0.6083708286268729E+01 -0.2243262104870192E-01
  0.2086789028037269E+00  0.2000000029802323E+00  0.1000013995884975E+06  0.6083684921184006E+01 -0.2259850679018021E-01
  0.2098455474912576E+00  0.2000000029802322E+00  0.1000013953778971E+06  0.6083636760832217E+01 -0.2214071079023573E-01
  0.2106999050139730E+00  0.2000000029802322E+00  0.1000013945018408E+06  0.6083748818241818E+01 -0.2353508847385355E-01
  0.2110912054777145E+00  0.2000000029802322E+00  0.1000014049952781E+06  0.6083800792694092E+01 -0.2159809321165085E-01
  0.2110912054777145E+00  0.2000000029802322E+00  0.1000014049952781E+06  0.6083800792694092E+01 -0.2159809321165085E-01
  0.2114911379698458E+00  0.2000000029802322E+00  0.1000013956469179E+06  0.6083840847044502E+01 -0.2377057482675944E-01
  0.2123643424888582E+00  0.2000000029802322E+00  0.1000013948042115E+06  0.6083905220027148E+01 -0.2298261408149046E-01
  0.2135567231797846E+00  0.2000000029802322E+00  0.1000014004447622E+06  0.6083858966776315E+01 -0.2313680672535444E-01
  0.2148619727468817E+00  0.2000000029802323E+00  0.1000014005850781E+06  0.6083859920448188E+01 -0.2315425023170542E-01
  0.2160543534378080E+00  0.2000000029802322E+00  0.1000013984443820E+06  0.6083973408300086E+01 -0.2317517212483550E-01
  0.2169275579568204E+00  0.2000000029802322E+00  0.1000013914954555E+06  0.6084125995616241E+01 -0.2381079666759988E-01
  0.2173274904489517E+00  0.2000000029802322E+00  0.1000013842716971E+06  0.6084093093872070E+01 -0.2246394194662571E-01
  0.2173274904489517E+00  0.2000000029802322E+00  0.1000013842716971E+06  0.6084093093872070E+01 -0.2246394194662571E-01
  0.2177331757154555E+00  0.2000000029802322E+00  0.1000013878597584E+06  0.6084111213619424E+01 -0.2328482923397954E-01
  0.2186189407257452E+00  0.2000000029802322E+00  0.1000013934520976E+06  0.6084050178601206E+01 -0.2342139753273355E-01
  0.2198284730540503E+00  0.2000000029802322E+00  0.1000013944904485E+06  0.6084120750592364E+01 -0.2315018815414214E-01
  0.2211524978054773E+00  0.2000000029802323E+00  0.1000013906882008E+06  0.6084282874876433E+01 -0.2286721167327680E-01
  0.2223620301337824E+00  0.2000000029802322E+00  0.1000013914309570E+06  0.6084364414119890E+01 -0.2299460896283898E-01
  0.2232477951440721E+00  0.2000000029802322E+00  0.1000013887445822E+06  0.6084280014154187E+01 -0.2213067540825421E-01
  0.2236534804105759E+00  0.2000000029802322E+00  0.1000013784851489E+06  0.6084279060363770E+01 -0.2328952588140965E-01
  0.2236534804105759E+00  0.2000000029802322E+00  0.1000013784851489E+06  0.6084279060363770E+01 -0.2328952588140965E-01
  0.2240706760038765E+00  0.2000000029802322E+00  0.1000013905050559E+06  0.6084264277365363E+01 -0.2186081973013269E-01
  0.2249815724290224E+00  0.2000000029802322E+00  0.1000013951632016E+06  0.6084457396797077E+01 -0.2199593081242554E-01
  0.2262254222776310E+00  0.2000000029802322E+00  0.1000013873524459E+06  0.6084566593214265E+01 -0.2207195593551559E-01
  0.2275870129917248E+00  0.2000000029802323E+00  0.1000013873006687E+06  0.6084555625989635E+01 -0.2235731667245839E-01
  0.2288308628403334E+00  0.2000000029802322E+00  0.1000013881647067E+06  0.6084509849720653E+01 -0.2237592634983396E-01
  0.2297417592654793E+00  0.2000000029802322E+00  0.1000013901662234E+06  0.6084661008683368E+01 -0.2303352478527152E-01
  0.2301589548587799E+00  0.2000000029802322E+00  0.1000013941255350E+06  0.6084738731384277E+01 -0.2207019366323948E-01
  0.2301589548587799E+00  0.2000000029802322E+00  0.1000013941255350E+06  0.6084738731384277E+01 -0.2207019366323948E-01
  0.2305819051376737E+00  0.2000000029802322E+00  0.1000013914267291E+06  0.6084792136635624E+01 -0.2339754977153356E-01
  0.2315053662270176E+00  0.2000000029802322E+00  0.1000013876592602E+06  0.6084845066063472E+01 -0.2310780546729189E-01
  0.2327663734112233E+00  0.2000000029802322E+00  0.1000013873899124E+06  0.6084811210657930E+01 -0.2329391942594249E-01
  0.2341467455472499E+00  0.2000000029802323E+00  0.1000013922346684E+06  0.6084842205136460E+01 -0.2326911475592830E-01
  0.2354077527314556E+00  0.2000000029802322E+00  0.1000013927835926E+06  0.6084949493180891E+01 -0.2329026877538612E-01
  0.2363312138207995E+00  0.2000000029802322E+00  0.1000013914216518E+06  0.6085036277872800E+01 -0.2331624914760333E-01
  0.2367541640996933E+00  0.2000000029802322E+00  0.1000013874230684E+06  0.6085003376007080E+01 -0.2343295328319073E-01
  0.2367541640996933E+00  0.2000000029802322E+00  0.1000013874230684E+06  0.6085003376007080E+01 -0.2343295328319073E-01
  0.2371886218385528E+00  0.2000000029802322E+00  0.1000013926698523E+06  0.6085010528554981E+01 -0.2340244315726993E-01
  0.2381372080833719E+00  0.2000000029802322E+00  0.1000013889715606E+06  0.6085039615312209E+01 -0.2356049188882183E-01
  0.2394325242405536E+00  0.2000000029802322E+00  0.1000013778461934E+06  0.6085110664101331E+01 -0.2399417659273431E-01
  0.2408504529828427E+00  0.2000000029802323E+00  0.1000013782650969E+06  0.6085188865841136E+01 -0.2386159637913509E-01
  0.2421457691400243E+00  0.2000000029802322E+00  0.1000013742042236E+06  0.6085204124302654E+01 -0.2316294430293662E-01
  0.2430943553848435E+00  0.2000000029802322E+00  0.1000013730739373E+06  0.6085183620456434E+01 -0.2287098015218223E-01
  0.2435288131237030E+00  0.2000000029802322E+00  0.1000013815269678E+06  0.6085207462310791E+01 -0.2285095676779747E-01
  0.7366882264614105E-01  0.2000000029802322E+00  0.1000014279466613E+06  0.6079137802124023E+01 -0.4076716303825378E-01
  0.7395078886166336E-01  0.2000000029802322E+00  0.1000014279466625E+06  0.6079142570485368E+01 -0.4071570220091835E-01
  0.7456642819691904E-01  0.2000000029802322E+00  0.1000014279466801E+06  0.6079134941205293E+01 -0.4050549591874416E-01
  0.7540709775365012E-01  0.2000000029802322E+00  0.1000014279466837E+06  0.6079097270846203E+01 -0.4021027581539919E-01
  0.7632734376513345E-01  0.2000000029802323E+00  0.1000014279466579E+06  0.6079060554574722E+01 -0.3984872335391165E-01
  0.7716801332186451E-01  0.2000000029802322E+00  0.1000014279466208E+06  0.6079054355675266E+01 -0.3952247108500526E-01
  0.7778365265712021E-01  0.2000000029802322E+00  0.1000014279466266E+06  0.6079068183905221E+01 -0.3923057016087021E-01
  0.7806561887264252E-01  0.2000000029802322E+00  0.1000014259021673E+06  0.6079060077667236E+01 -0.3942214325070381E-01
  0.7806561887264252E-01  0.2000000029802322E+00  0.1000014259021673E+06  0.6079060077667236E+01 -0.3942214325070381E-01
  0.7835046243096139E-01  0.2000000029802322E+00  0.1000014290931292E+06  0.6079063415537060E+01 -0.3913251298654372E-01
  0.7897238409831610E-01  0.2000000029802322E+00  0.1000014277090210E+06  0.6079068660739851E+01 -0.3900688155362435E-01
  0.7982163232284575E-01  0.2000000029802322E+00  0.1000014278588676E+06  0.6079035282083695E+01 -0.3812990608361984E-01
  0.8075126904529542E-01  0.2000000029802323E+00  0.1000014378210387E+06  0.6078991889991523E+01 -0.3798912019648341E-01
  0.8160051726982506E-01  0.2000000029802322E+00  0.1000014394312574E+06  0.6078979015353879E+01 -0.3868872309624940E-01
  0.8222243893717975E-01  0.2000000029802322E+00  0.1000014348708640E+06  0.6078996658317783E+01 -0.3855328290698559E-01
  0.8250728249549866E-01  0.2000000029802322E+00  0.1000014359043478E+06  0.6078990936279297E+01 -0.3838161751627922E-01
  0.8250728249549866E-01  0.2000000029802322E+00  0.1000014359043478E+06  0.6078990936279297E+01 -0.3838161751627922E-01
  0.8280075808220733E-01  0.2000000029802322E+00  0.1000014345846582E+06  0.6078990936306450E+01 -0.3833318580174223E-01
  0.8344152674585902E-01  0.2000000029802322E+00  0.1000014395946985E+06  0.6078986167909345E+01 -0.3832841705717672E-01
  0.8431651097378437E-01  0.2000000029802322E+00  0.1000014377637739E+06  0.6078997611931640E+01 -0.3888958880254122E-01
  0.8527431982913311E-01  0.2000000029802323E+00  0.1000014255078221E+06  0.6079015255025663E+01 -0.3872364446699551E-01
  0.8614930405705847E-01  0.2000000029802322E+00  0.1000014263173321E+06  0.6079021453860334E+01 -0.3780468263359542E-01
  0.8679007272071011E-01  0.2000000029802322E+00  0.1000014312664649E+06  0.6079017639159436E+01 -0.3764438318307679E-01
  0.8708354830741882E-01  0.2000000029802322E+00  0.1000014270202717E+06  0.6079021930694580E+01 -0.3770849481225014E-01
  0.8708354830741882E-01  0.2000000029802322E+00  0.1000014270202717E+06  0.6079021930694580E+01 -0.3770849481225014E-01
  0.8737990075911893E-01  0.2000000029802322E+00  0.1000014318726404E+06  0.6079022407586419E+01 -0.3749945468921406E-01
  0.8802695071163941E-01  0.2000000029802322E+00  0.1000014299701611E+06  0.6079007148751437E+01 -0.3731623969580480E-01
  0.8891051218280874E-01  0.2000000029802322E+00  0.1000014231910066E+06  0.6079041480991891E+01 -0.3698865714820665E-01
  0.8987771018972315E-01  0.2000000029802323E+00  0.1000014231169000E+06  0.6079095840474588E+01 -0.3668128688840470E-01
  0.9076127166089247E-01  0.2000000029802322E+00  0.1000014231682237E+06  0.6079115390801433E+01 -0.3644003438170356E-01
  0.9140832161341292E-01  0.2000000029802322E+00  0.1000014226203548E+06  0.6079101085649961E+01 -0.3619261413690926E-01
  0.9170467406511307E-01  0.2000000029802322E+00  0.1000014248844012E+06  0.6079112529754639E+01 -0.3619239106774330E-01
  0.9170467406511307E-01  0.2000000029802322E+00  0.1000014248844012E+06  0.6079112529754639E+01 -0.3619239106774330E-01
  0.9200965806739782E-01  0.2000000029802322E+00  0.1000014225362428E+06  0.6079112529647135E+01 -0.3601363981892905E-01
  0.9267555397298508E-01  0.2000000029802322E+00  0.1000014231757391E+06  0.6079086303741374E+01 -0.3589915819562552E-01
  0.9358485002299552E-01  0.2000000029802322E+00  0.1000014231308912E+06  0.6079156875564441E+01 -0.3563267379842987E-01
  0.9458021860340829E-01  0.2000000029802323E+00  0.1000014232230043E+06  0.6079263687170163E+01 -0.3535350032053639E-01
  0.9548951465341871E-01  0.2000000029802322E+00  0.1000014312878768E+06  0.6079299449986856E+01 -0.3514320854589241E-01
  0.9615541055900595E-01  0.2000000029802322E+00  0.1000014336932101E+06  0.6079258918827867E+01 -0.3489388191655325E-01
  0.9646039456129074E-01  0.2000000029802322E+00  0.1000014299763733E+06  0.6079277515411377E+01 -0.3493300825357437E-01
  0.9646039456129074E-01  0.2000000029802322E+00  0.1000014299763733E+06  0.6079277515411377E+01 -0.3493300825357437E-01
  0.9677113277136351E-01  0.2000000029802322E+00  0.1000014325647121E+06  0.6079274654445194E+01 -0.3473727498349660E-01
  0.9744959229791858E-01  0.2000000029802322E+00  0.1000014325646968E+06  0.6079271316513944E+01 -0.3465155899515596E-01
  0.9837604425897152E-01  0.2000000029802322E+00  0.1000014325646950E+06  0.6079302310990366E+01 -0.3436889458980255E-01
  0.9939019270191639E-01  0.2000000029802323E+00  0.1000014325647017E+06  0.6079339981047229E+01 -0.3411882758653720E-01
  0.1003166446629693E+00  0.2000000029802322E+00  0.1000014325647051E+06  0.6079349517809544E+01 -0.3393325922729112E-01
  0.1009951041895244E+00  0.2000000029802322E+00  0.1000014325647180E+06  0.6079334258995418E+01 -0.3369709419745145E-01
  0.1013058423995972E+00  0.2000000029802322E+00  0.1000014325647589E+06  0.6079340457916260E+01 -0.3373083844780922E-01
  0.1013058423995972E+00  0.2000000029802322E+00  0.1000014325647589E+06  0.6079340457916260E+01 -0.3373083844780922E-01
  0.1016194579524665E+00  0.2000000029802322E+00  0.1000014325647498E+06  0.6079334735877548E+01 -0.3351957041774566E-01
  0.1023041998111206E+00  0.2000000029802322E+00  0.1000014325647189E+06  0.6079345703182024E+01 -0.3346120559293855E-01
  0.1032392304399721E+00  0.2000000029802322E+00  0.1000014325647115E+06  0.6079374790180878E+01 -0.3320854918727217E-01
  0.1042627695938833E+00  0.2000000029802323E+00  0.1000014325647192E+06  0.6079400062568327E+01 -0.3291263428654241E-01
  0.1051978002227348E+00  0.2000000029802322E+00  0.1000014325647381E+06  0.6079407691971011E+01 -0.3272092453866055E-01
  0.1058825420813889E+00  0.2000000029802322E+00  0.1000014325647347E+06  0.6079395770995917E+01 -0.3235745094698819E-01
  0.1061961576342583E+00  0.2000000029802322E+00  0.1000014319343869E+06  0.6079394340515137E+01 -0.3282774239778519E-01
  0.1061961576342583E+00  0.2000000029802322E+00  0.1000014319343869E+06  0.6079394340515137E+01 -0.3282774239778519E-01
  0.1065155273949157E+00  0.2000000029802322E+00  0.1000014329318244E+06  0.6079387664806603E+01 -0.3223419913845834E-01
  0.1072128328745375E+00  0.2000000029802322E+00  0.1000014324683517E+06  0.6079418182318946E+01 -0.3256881941720647E-01
  0.1081650194144316E+00  0.2000000029802322E+00  0.1000014302635300E+06  0.6079444885270797E+01 -0.3215537876375158E-01
  0.1092073384308748E+00  0.2000000029802323E+00  0.1000014302157354E+06  0.6079457759843983E+01 -0.3199425284127883E-01
  0.1101595249707689E+00  0.2000000029802322E+00  0.1000014305999268E+06  0.6079461574545159E+01 -0.3214115570749778E-01
  0.1108568304503907E+00  0.2000000029802322E+00  0.1000014294829490E+06  0.6079448223132700E+01 -0.3159705906618069E-01
  0.1111762002110481E+00  0.2000000029802322E+00  0.1000014317018810E+06  0.6079437255859375E+01 -0.3228880092501640E-01
  0.1111762002110481E+00  0.2000000029802322E+00  0.1000014317018810E+06  0.6079437255859375E+01 -0.3228880092501640E-01
  0.1115013246572988E+00  0.2000000029802322E+00  0.1000014274162368E+06  0.6079431057361569E+01 -0.3134342086579867E-01
  0.1122111948011186E+00  0.2000000029802322E+00  0.1000014314652104E+06  0.6079546451184033E+01 -0.3205636607911738E-01
  0.1131805386766098E+00  0.2000000029802322E+00  0.1000014300415364E+06  0.6079605579357150E+01 -0.3159487866693061E-01
  0.1142416391149857E+00  0.2000000029802323E+00  0.1000014177728308E+06  0.6079601287812047E+01 -0.3122231148790993E-01
  0.1152109829904769E+00  0.2000000029802322E+00  0.1000014258575574E+06  0.6079579830132698E+01 -0.3132417289906973E-01
  0.1159208531342967E+00  0.2000000029802322E+00  0.1000014271594277E+06  0.6079587459482426E+01 -0.3002835329833970E-01
  0.1162459775805473E+00  0.2000000029802322E+00  0.1000014149856569E+06  0.6079586982727051E+01 -0.3233551234006882E-01
  0.1371980756521225E+00  0.2000000029802322E+00  0.1000014169471295E+06  0.6080286502838135E+01 -0.2685821615159512E-01
  0.1375404631995424E+00  0.2000000029802322E+00  0.1000014143571019E+06  0.6080286025784266E+01 -0.2779231067929308E-01
  0.1382880252494958E+00  0.2000000029802322E+00  0.1000014159177475E+06  0.6080238819012886E+01 -0.2698520994697607E-01
  0.1393088382826692E+00  0.2000000029802322E+00  0.1000014153929523E+06  0.6080273628103351E+01 -0.2714775062849533E-01
  0.1404262798680418E+00  0.2000000029802323E+00  0.1000014154641922E+06  0.6080371856854600E+01 -0.2671739468264416E-01
  0.1414470929012153E+00  0.2000000029802322E+00  0.1000014235368676E+06  0.6080454349315728E+01 -0.2595178122117714E-01
  0.1421946549511686E+00  0.2000000029802322E+00  0.1000014285169776E+06  0.6080457687497549E+01 -0.2606401641317063E-01
  0.1425370424985886E+00  0.2000000029802322E+00  0.1000014268851551E+06  0.6080447673797607E+01 -0.2623754367232323E-01
  0.1425370424985886E+00  0.2000000029802322E+00  0.1000014268851551E+06  0.6080447673797607E+01 -0.2623754367232323E-01
  0.1428851847316017E+00  0.2000000029802322E+00  0.1000014280670928E+06  0.6080472469079395E+01 -0.2581735824224280E-01
  0.1436453114457530E+00  0.2000000029802322E+00  0.1000014276075115E+06  0.6080432891831573E+01 -0.2590579624223770E-01
  0.1446832818145236E+00  0.2000000029802322E+00  0.1000014280874446E+06  0.6080529689072033E+01 -0.2637565619420345E-01
  0.1458195048218289E+00  0.2000000029802323E+00  0.1000014281867419E+06  0.6080710888599545E+01 -0.2635793343076199E-01
  0.1468574751905995E+00  0.2000000029802322E+00  0.1000014244464034E+06  0.6080781936412213E+01 -0.2602124278865024E-01
  0.1476176019047508E+00  0.2000000029802322E+00  0.1000014207349356E+06  0.6080699444330254E+01 -0.2596952092310382E-01
  0.1479657441377640E+00  0.2000000029802322E+00  0.1000014243745771E+06  0.6080721378326416E+01 -0.2730436436831951E-01
  0.1479657441377640E+00  0.2000000029802322E+00  0.1000014243745771E+06  0.6080721378326416E+01 -0.2730436436831951E-01
  0.1483138863707771E+00  0.2000000029802322E+00  0.1000014181213866E+06  0.6080691814750211E+01 -0.2599533740802824E-01
  0.1490740130849284E+00  0.2000000029802322E+00  0.1000014179696803E+06  0.6080799578855658E+01 -0.2625898242951991E-01
  0.1501119834536990E+00  0.2000000029802322E+00  0.1000014183142965E+06  0.6080906867703207E+01 -0.2691011081363827E-01
  0.1512482064610043E+00  0.2000000029802323E+00  0.1000014059852975E+06  0.6080946922371218E+01 -0.2697936892533207E-01
  0.1522861768297749E+00  0.2000000029802322E+00  0.1000014052115052E+06  0.6080941200156798E+01 -0.2606667898653030E-01
  0.1530463035439262E+00  0.2000000029802322E+00  0.1000014087210984E+06  0.6080927372075024E+01 -0.2616077861126118E-01
  0.1533944457769394E+00  0.2000000029802322E+00  0.1000014049843978E+06  0.6080919742584229E+01 -0.2563893608748913E-01
  0.1799099706113338E-01  0.2000000029802322E+00  0.1000014097821794E+06  0.6082326412200928E+01 -0.6337578594684601E-01
  0.1819527884358878E-01  0.2000000029802322E+00  0.1000014062942126E+06  0.6082285404213845E+01 -0.6246013575315709E-01
  0.1864130355801326E-01  0.2000000029802322E+00  0.1000014045398885E+06  0.6082320213212941E+01 -0.6289326356258913E-01
  0.1925036048061974E-01  0.2000000029802322E+00  0.1000014052419952E+06  0.6082362175027614E+01 -0.6233520177811337E-01
  0.1991706977121704E-01  0.2000000029802323E+00  0.1000014052034147E+06  0.6082282066219829E+01 -0.6214810239521013E-01
  0.2052612669382351E-01  0.2000000029802322E+00  0.1000014048791319E+06  0.6082093715302850E+01 -0.6255944037459957E-01
  0.2097215140824800E-01  0.2000000029802322E+00  0.1000014011719646E+06  0.6081800937599137E+01 -0.6187137943351386E-01
  0.2117643319070339E-01  0.2000000029802322E+00  0.1000013992976625E+06  0.6081767082214355E+01 -0.6167156621813774E-01
  0.2117643319070339E-01  0.2000000029802322E+00  0.1000013992976625E+06  0.6081767082214355E+01 -0.6167156621813774E-01
  0.2138646930039810E-01  0.2000000029802322E+00  0.1000013992513340E+06  0.6081725597379843E+01 -0.6161122726264204E-01
  0.2184505789659793E-01  0.2000000029802322E+00  0.1000014013627394E+06  0.6081779956855060E+01 -0.6080639299850928E-01
  0.2247127108638560E-01  0.2000000029802322E+00  0.1000014009592707E+06  0.6081808567054869E+01 -0.5994111690201529E-01
  0.2315676062936509E-01  0.2000000029802323E+00  0.1000013964326711E+06  0.6081788063044272E+01 -0.5964573445140532E-01
  0.2378297381915276E-01  0.2000000029802322E+00  0.1000014030290950E+06  0.6081804275494641E+01 -0.5946883160018886E-01
  0.2424156241535258E-01  0.2000000029802322E+00  0.1000014078492184E+06  0.6081814289146054E+01 -0.5992037492208766E-01
  0.2445159852504730E-01  0.2000000029802322E+00  0.1000014018909027E+06  0.6081759452819824E+01 -0.5880301818251610E-01
  0.2445159852504730E-01  0.2000000029802322E+00  0.1000014018909027E+06  0.6081759452819824E+01 -0.5880301818251610E-01
  0.2466451197753861E-01  0.2000000029802322E+00  0.1000014083378849E+06  0.6081721305800661E+01 -0.5958814546958284E-01
  0.2512938290583743E-01  0.2000000029802322E+00  0.1000014029171040E+06  0.6081383228585730E+01 -0.5871880509985364E-01
  0.2576417476342366E-01  0.2000000029802322E+00  0.1000013964033705E+06  0.6081246852874647E+01 -0.5882236734397134E-01
  0.2645905501736953E-01  0.2000000029802323E+00  0.1000014043674541E+06  0.6081233978271501E+01 -0.5840735138366848E-01
  0.2709384687495575E-01  0.2000000029802322E+00  0.1000014053883342E+06  0.6081260204343770E+01 -0.5723733442842524E-01
  0.2755871780325457E-01  0.2000000029802322E+00  0.1000014056985994E+06  0.6081259250643579E+01 -0.5757622048044288E-01
  0.2777163125574589E-01  0.2000000029802322E+00  0.1000014053440945E+06  0.6081267833709717E+01 -0.5703317001461983E-01
  0.2777163125574589E-01  0.2000000029802322E+00  0.1000014053440945E+06  0.6081267833709717E+01 -0.5703317001461983E-01
  0.2799029903547654E-01  0.2000000029802322E+00  0.1000014110509690E+06  0.6081284046257289E+01 -0.5771070400734632E-01
  0.2846773384555068E-01  0.2000000029802322E+00  0.1000014077617239E+06  0.6081313610059064E+01 -0.5712410741009100E-01
  0.2911968197031811E-01  0.2000000029802322E+00  0.1000014086771433E+06  0.6081210136319996E+01 -0.5727031140905983E-01
  0.2983334247664616E-01  0.2000000029802323E+00  0.1000014241551726E+06  0.6081034660438345E+01 -0.5730917012363183E-01
  0.3048529060141358E-01  0.2000000029802322E+00  0.1000014097003642E+06  0.6080898284972077E+01 -0.5636234160671523E-01
  0.3096272541148773E-01  0.2000000029802322E+00  0.1000014056968720E+06  0.6080877780878411E+01 -0.5744263933469595E-01
  0.3118139319121838E-01  0.2000000029802322E+00  0.1000014231806495E+06  0.6080893039703369E+01 -0.5585411190986633E-01
  0.3118139319121838E-01  0.2000000029802322E+00  0.1000014231806495E+06  0.6080893039703369E+01 -0.5585411190986633E-01
  0.3140293819429434E-01  0.2000000029802322E+00  0.1000014176788901E+06  0.6080920219423623E+01 -0.5757988265683897E-01
  0.3188665507565992E-01  0.2000000029802322E+00  0.1000014153675082E+06  0.6080913066865289E+01 -0.5658262777275872E-01
  0.3254718151208728E-01  0.2000000029802322E+00  0.1000014120226252E+06  0.6080918788898919E+01 -0.5622418931139359E-01
  0.3327023233953149E-01  0.2000000029802323E+00  0.1000014119404802E+06  0.6080933094023507E+01 -0.5535028512747695E-01
  0.3393075877595884E-01  0.2000000029802322E+00  0.1000014119042350E+06  0.6080876350724479E+01 -0.5395291078303161E-01
  0.3441447565732443E-01  0.2000000029802322E+00  0.1000014156850110E+06  0.6080674647639080E+01 -0.5409272472049041E-01
  0.3463602066040039E-01  0.2000000029802322E+00  0.1000014189010854E+06  0.6080652713775635E+01 -0.5401641502976418E-01
  0.3463602066040039E-01  0.2000000029802322E+00  0.1000014189010854E+06  0.6080652713775635E+01 -0.5401641502976418E-01
  0.3486332022961827E-01  0.2000000029802322E+00  0.1000014174113481E+06  0.6080616950910012E+01 -0.5413383278160629E-01
  0.3535960151437428E-01  0.2000000029802322E+00  0.1000014237426473E+06  0.6080614566776210E+01 -0.5413730463345807E-01
  0.3603728493026012E-01  0.2000000029802322E+00  0.1000014244171268E+06  0.6080626010894614E+01 -0.5393020807143462E-01
  0.3677911678978688E-01  0.2000000029802323E+00  0.1000014177080850E+06  0.6080618381500356E+01 -0.5367543922875272E-01
  0.3745680020567271E-01  0.2000000029802322E+00  0.1000014177771384E+06  0.6080633640327121E+01 -0.5338889324631745E-01
  0.3795308149042873E-01  0.2000000029802322E+00  0.1000014171799124E+06  0.6080638408728244E+01 -0.5315418243953955E-01
  0.3818038105964661E-01  0.2000000029802322E+00  0.1000014113931253E+06  0.6080603599548340E+01 -0.5288390070199966E-01
  0.3818038105964661E-01  0.2000000029802322E+00  0.1000014113931253E+06  0.6080603599548340E+01 -0.5288390070199966E-01
  0.3841343459774990E-01  0.2000000029802322E+00  0.1000014169145837E+06  0.6080580711603258E+01 -0.5283818441254238E-01
  0.3892227898185865E-01  0.2000000029802322E+00  0.1000014180474677E+06  0.6080361843436841E+01 -0.5228419333420575E-01
  0.3961711759650973E-01  0.2000000029802322E+00  0.1000014175645991E+06  0.6080302715305115E+01 -0.5207982660778872E-01
  0.4037772853886815E-01  0.2000000029802323E+00  0.1000014217639318E+06  0.6080323696134966E+01 -0.5192707113362051E-01
  0.4107256715351923E-01  0.2000000029802322E+00  0.1000014221091920E+06  0.6080335140231211E+01 -0.5167678796333015E-01
  0.4158141153762796E-01  0.2000000029802322E+00  0.1000014208759683E+06  0.6080327034004112E+01 -0.5199305304742349E-01
  0.4181446507573128E-01  0.2000000029802322E+00  0.1000014198766241E+06  0.6080354690551758E+01 -0.5130863562226295E-01
  0.4181446507573128E-01  0.2000000029802322E+00  0.1000014198766241E+06  0.6080354690551758E+01 -0.5130863562226295E-01
  0.4205039619553377E-01  0.2000000029802322E+00  0.1000014230080535E+06  0.6080364704108280E+01 -0.5198810647009720E-01
  0.4256552343335658E-01  0.2000000029802322E+00  0.1000014204920163E+06  0.6080303669183941E+01 -0.5117112205998983E-01
  0.4326894142808354E-01  0.2000000029802322E+00  0.1000014215000006E+06  0.6080164432508976E+01 -0.5134784441894499E-01
  0.4403894386110866E-01  0.2000000029802323E+00  0.1000014296903087E+06  0.6080029487621830E+01 -0.5133281291322566E-01
  0.4474236185583561E-01  0.2000000029802322E+00  0.1000014209754702E+06  0.6079992771220262E+01 -0.5046103647162034E-01
  0.4525748909365841E-01  0.2000000029802322E+00  0.1000014167995932E+06  0.6080050468357228E+01 -0.5153205266405632E-01
  0.4549342021346092E-01  0.2000000029802322E+00  0.1000014237224421E+06  0.6080043792724609E+01 -0.5015292018651962E-01
  0.1574163022155517E-07  0.2000000029802322E+00  0.1000013948469584E+06  0.6082517147064209E+01 -0.8092594146728516E-01
  0.1841570411519301E-03  0.2000000029802322E+00  0.1000014043849237E+06  0.6084696292841412E+01 -0.8439014107433496E-01
  0.5862074322623460E-03  0.2000000029802322E+00  0.1000013973384758E+06  0.6084790706634468E+01 -0.8031820505808292E-01
  0.1135216413207282E-02  0.2000000029802322E+00  0.1000013799560251E+06  0.6084839820848090E+01 -0.7903768867535517E-01
  0.1736193718663252E-02  0.2000000029802323E+00  0.1000013798212899E+06  0.6084712028467737E+01 -0.7694303957527006E-01
  0.2285202699608187E-02  0.2000000029802322E+00  0.1000013885388587E+06  0.6084445953386905E+01 -0.7526717334083875E-01
  0.2687253090718603E-02  0.2000000029802322E+00  0.1000013930636745E+06  0.6084030628164770E+01 -0.7542580362954454E-01
  0.2871394390240312E-02  0.2000000029802322E+00  0.1000013915973952E+06  0.6083972930908203E+01 -0.7512483000755310E-01
  0.2871394390240312E-02  0.2000000029802322E+00  0.1000013915973952E+06  0.6083972930908203E+01 -0.7512483000755310E-01
  0.3058412907280901E-02  0.2000000029802322E+00  0.1000013879994892E+06  0.6083905220015661E+01 -0.7438531499568554E-01
  0.3466745356961445E-02  0.2000000029802322E+00  0.1000013893720529E+06  0.6083904266356367E+01 -0.7419399917374607E-01
  0.4024332632195060E-02  0.2000000029802322E+00  0.1000013903759299E+06  0.6083931446072389E+01 -0.7381464563097587E-01
  0.4634700239751633E-02  0.2000000029802323E+00  0.1000013902690941E+06  0.6083912849426775E+01 -0.7332306355868674E-01
  0.5192287514985247E-02  0.2000000029802322E+00  0.1000013903113767E+06  0.6083939552262128E+01 -0.7285273101346197E-01
  0.5600619964665794E-02  0.2000000029802322E+00  0.1000013895903650E+06  0.6084049224836536E+01 -0.7233755299995262E-01
  0.5787638481706381E-02  0.2000000029802322E+00  0.1000013880435773E+06  0.6084034919738770E+01 -0.7223934680223465E-01
  0.5787638481706381E-02  0.2000000029802322E+00  0.1000013880435773E+06  0.6084034919738770E+01 -0.7223934680223465E-01
  0.5977534177298041E-02  0.2000000029802322E+00  0.1000013854150569E+06  0.6084019660968321E+01 -0.7186667630963435E-01
  0.6392148600467202E-02  0.2000000029802322E+00  0.1000013862955201E+06  0.6083772659414391E+01 -0.7092563848542004E-01
  0.6958314053808741E-02  0.2000000029802322E+00  0.1000013901378966E+06  0.6083514213621623E+01 -0.7007198050366301E-01
  0.7578071836287685E-02  0.2000000029802323E+00  0.1000013901609538E+06  0.6083296298929769E+01 -0.6964428712891284E-01
  0.8144237289629224E-02  0.2000000029802322E+00  0.1000013879909669E+06  0.6083227157616984E+01 -0.6955599049134199E-01
  0.8558851712798382E-02  0.2000000029802322E+00  0.1000013878677001E+06  0.6083330631267321E+01 -0.6955417981205726E-01
  0.8748747408390045E-02  0.2000000029802322E+00  0.1000013848901376E+06  0.6083348274230957E+01 -0.6861454993486404E-01
  0.8748747408390045E-02  0.2000000029802322E+00  0.1000013848901376E+06  0.6083348274230957E+01 -0.6861454993486404E-01
  0.8941520357189836E-02  0.2000000029802322E+00  0.1000013900399050E+06  0.6083328723864753E+01 -0.6914886848858555E-01
  0.9362416916852329E-02  0.2000000029802322E+00  0.1000013874176084E+06  0.6083322048157578E+01 -0.6833970641936439E-01
  0.9937160770888451E-02  0.2000000029802322E+00  0.1000013883645415E+06  0.6083364009858961E+01 -0.6769825521421628E-01
  0.1056630897194612E-01  0.2000000029802323E+00  0.1000014004906392E+06  0.6083353519443894E+01 -0.6739263260002513E-01
  0.1114105282598224E-01  0.2000000029802322E+00  0.1000013948434424E+06  0.6083232879452755E+01 -0.6662755496530133E-01
  0.1156194938564473E-01  0.2000000029802322E+00  0.1000013956464073E+06  0.6082932472456845E+01 -0.6756814566545423E-01
  0.1175472233444452E-01  0.2000000029802322E+00  0.1000014070570293E+06  0.6082888126373291E+01 -0.6644225865602493E-01
  0.1175472233444452E-01  0.2000000029802322E+00  0.1000014070570293E+06  0.6082888126373291E+01 -0.6644225865602493E-01
  0.1195324967020929E-01  0.2000000029802322E+00  0.1000013994448389E+06  0.6082832336400723E+01 -0.6784012186426325E-01
  0.1238671024205089E-01  0.2000000029802322E+00  0.1000013892100073E+06  0.6082761287698155E+01 -0.6693748428846960E-01
  0.1297861054133753E-01  0.2000000029802322E+00  0.1000013882719688E+06  0.6082768440245003E+01 -0.6586249921288054E-01
  0.1362653918970247E-01  0.2000000029802323E+00  0.1000014007290116E+06  0.6082773208617732E+01 -0.6521273399724146E-01
  0.1421843948898911E-01  0.2000000029802322E+00  0.1000014014081250E+06  0.6082802772541982E+01 -0.6507430983955649E-01
  0.1465190006083071E-01  0.2000000029802322E+00  0.1000014000866660E+06  0.6082875251759343E+01 -0.6533753884561098E-01
  0.1485042739659548E-01  0.2000000029802322E+00  0.1000014050596765E+06  0.6082872390747070E+01 -0.6456505507230759E-01
  0.1485042739659548E-01  0.2000000029802322E+00  0.1000014050596765E+06  0.6082872390747070E+01 -0.6456505507230759E-01
  0.1505183189597992E-01  0.2000000029802322E+00  0.1000014016533170E+06  0.6082861423365887E+01 -0.6491141012027142E-01
  0.1549157440870918E-01  0.2000000029802322E+00  0.1000014005933954E+06  0.6082654476004884E+01 -0.6450863902612415E-01
  0.1609205284158641E-01  0.2000000029802322E+00  0.1000014009819088E+06  0.6082436084702344E+01 -0.6409096701834252E-01
  0.1674937161614245E-01  0.2000000029802323E+00  0.1000014009453508E+06  0.6082264423203964E+01 -0.6346536393658274E-01
  0.1734985004901968E-01  0.2000000029802322E+00  0.1000014009145439E+06  0.6082229614210287E+01 -0.6324724143026671E-01
  0.1778959256174895E-01  0.2000000029802322E+00  0.1000014049516811E+06  0.6082324027946737E+01 -0.6266988063319434E-01
  0.1799099706113338E-01  0.2000000029802322E+00  0.1000014097821794E+06  0.6082326412200928E+01 -0.6337578594684601E-01
  0.4549342021346092E-01  0.2000000029802322E+00  0.1000014237224421E+06  0.6080043792724609E+01 -0.5015292018651962E-01
  0.4573510577995404E-01  0.2000000029802322E+00  0.1000014168011691E+06  0.6080018043516353E+01 -0.5175366242063067E-01
  0.4626279716035973E-01  0.2000000029802322E+00  0.1000014120449362E+06  0.6080065250411948E+01 -0.5047789159881007E-01
  0.4698337177840653E-01  0.2000000029802322E+00  0.1000014122885679E+06  0.6080051899025207E+01 -0.4955302203307087E-01
  0.4777215485366401E-01  0.2000000029802323E+00  0.1000014164668701E+06  0.6079929351686937E+01 -0.4877193919929884E-01
  0.4849272947171079E-01  0.2000000029802322E+00  0.1000014162913246E+06  0.6079782009165485E+01 -0.4827180493072351E-01
  0.4902042085211648E-01  0.2000000029802322E+00  0.1000014166322024E+06  0.6079695224755834E+01 -0.4873659462379099E-01
  0.4926210641860962E-01  0.2000000029802322E+00  0.1000014171834525E+06  0.6079702377319336E+01 -0.4839592054486275E-01
  0.4926210641860962E-01  0.2000000029802322E+00  0.1000014171834525E+06  0.6079702377319336E+01 -0.4839592054486275E-01
  0.4950954619289076E-01  0.2000000029802322E+00  0.1000014265843081E+06  0.6079730987526609E+01 -0.4863604911181932E-01
  0.5004980119426426E-01  0.2000000029802322E+00  0.1000014240315690E+06  0.6079725742346623E+01 -0.4823131056906257E-01
  0.5078753172335358E-01  0.2000000029802322E+00  0.1000014164512523E+06  0.6079739570629448E+01 -0.4816083261021493E-01
  0.5159509466114311E-01  0.2000000029802323E+00  0.1000014245086067E+06  0.6079756736734251E+01 -0.4788414488794500E-01
  0.5233282519023242E-01  0.2000000029802322E+00  0.1000014256835883E+06  0.6079685211418218E+01 -0.4713463054525543E-01
  0.5287308019160591E-01  0.2000000029802322E+00  0.1000014262071001E+06  0.6079454421461600E+01 -0.4733078179018785E-01
  0.5312051996588707E-01  0.2000000029802322E+00  0.1000014342426224E+06  0.6079435348510742E+01 -0.4692880064249039E-01
  0.5312051996588707E-01  0.2000000029802322E+00  0.1000014342426224E+06  0.6079435348510742E+01 -0.4692880064249039E-01
  0.5337371442576143E-01  0.2000000029802322E+00  0.1000014344364891E+06  0.6079408645590921E+01 -0.4740725912165270E-01
  0.5392653409133289E-01  0.2000000029802322E+00  0.1000014282847433E+06  0.6079432487428032E+01 -0.4720535557473363E-01
  0.5468142195601935E-01  0.2000000029802322E+00  0.1000014229465466E+06  0.6079463958754856E+01 -0.4686130899485378E-01
  0.5550776631574159E-01  0.2000000029802323E+00  0.1000014271764245E+06  0.6079458236715626E+01 -0.4654659389340551E-01
  0.5626265418042804E-01  0.2000000029802322E+00  0.1000014278930716E+06  0.6079439640003543E+01 -0.4639442257800006E-01
  0.5681547384599949E-01  0.2000000029802322E+00  0.1000014265966196E+06  0.6079398155342853E+01 -0.4626718978649736E-01
  0.5706866830587387E-01  0.2000000029802322E+00  0.1000014283644193E+06  0.6079375743865967E+01 -0.4609472304582596E-01
  0.5706866830587387E-01  0.2000000029802322E+00  0.1000014283644193E+06  0.6079375743865967E+01 -0.4609472304582596E-01
  0.5732473939183708E-01  0.2000000029802322E+00  0.1000014273816512E+06  0.6079356193709193E+01 -0.4607451374003384E-01
  0.5788383982466225E-01  0.2000000029802322E+00  0.1000014273816244E+06  0.6079311370858881E+01 -0.4587938644631091E-01
  0.5864730422031538E-01  0.2000000029802322E+00  0.1000014273816441E+06  0.6079309463493715E+01 -0.4567897704223978E-01
  0.5948303695190294E-01  0.2000000029802323E+00  0.1000014273816725E+06  0.6079314708711380E+01 -0.4542805977216974E-01
  0.6024650134755606E-01  0.2000000029802322E+00  0.1000014273816225E+06  0.6079321861269925E+01 -0.4514227429060700E-01
  0.6080560178038125E-01  0.2000000029802322E+00  0.1000014273816195E+06  0.6079322338079714E+01 -0.4501999111969888E-01
  0.6106167286634445E-01  0.2000000029802322E+00  0.1000014272677419E+06  0.6079317569732666E+01 -0.4485427960753441E-01
  0.6106167286634445E-01  0.2000000029802322E+00  0.1000014272677419E+06  0.6079317569732666E+01 -0.4485427960753441E-01
  0.6132637645850268E-01  0.2000000029802322E+00  0.1000014274529342E+06  0.6079313278233526E+01 -0.4484765995552745E-01
  0.6190432493085496E-01  0.2000000029802322E+00  0.1000014273558761E+06  0.6079277992296735E+01 -0.4460266277144499E-01
  0.6269352675445841E-01  0.2000000029802322E+00  0.1000014273845699E+06  0.6079269409165724E+01 -0.4439248563838925E-01
  0.6355743317834570E-01  0.2000000029802323E+00  0.1000014279437038E+06  0.6079275131238134E+01 -0.4411272246016960E-01
  0.6434663500194913E-01  0.2000000029802322E+00  0.1000014279724603E+06  0.6079280853277739E+01 -0.4382439300555349E-01
  0.6492458347430145E-01  0.2000000029802322E+00  0.1000014278753702E+06  0.6079280853270674E+01 -0.4368412099526297E-01
  0.6518928706645966E-01  0.2000000029802322E+00  0.1000014280605259E+06  0.6079283237457275E+01 -0.4353643208742142E-01
  0.6518928706645966E-01  0.2000000029802322E+00  0.1000014280605259E+06  0.6079283237457275E+01 -0.4353643208742142E-01
  0.6545974438860072E-01  0.2000000029802322E+00  0.1000014279466679E+06  0.6079283237385074E+01 -0.4350449479799588E-01
  0.6605025543869064E-01  0.2000000029802322E+00  0.1000014279466814E+06  0.6079236507309359E+01 -0.4325438595679364E-01
  0.6685661174878203E-01  0.2000000029802322E+00  0.1000014279466729E+06  0.6079213142415534E+01 -0.4303018817302982E-01
  0.6773929647580064E-01  0.2000000029802323E+00  0.1000014279466848E+06  0.6079209804523172E+01 -0.4276367495238503E-01
  0.6854565278589203E-01  0.2000000029802322E+00  0.1000014279466725E+06  0.6079210281365917E+01 -0.4244050794177012E-01
  0.6913616383598195E-01  0.2000000029802322E+00  0.1000014279466678E+06  0.6079213142381480E+01 -0.4233891934416169E-01
  0.6940662115812302E-01  0.2000000029802322E+00  0.1000014279466778E+06  0.6079219818115234E+01 -0.4212323203682899E-01
  0.6940662115812302E-01  0.2000000029802322E+00  0.1000014279466778E+06  0.6079219818115234E+01 -0.4212323203682899E-01
  0.6967995582306068E-01  0.2000000029802322E+00  0.1000014279466733E+06  0.6079223632743735E+01 -0.4215751137424712E-01
  0.7027674920524959E-01  0.2000000029802322E+00  0.1000014279466554E+06  0.6079191684894246E+01 -0.4186856499099246E-01
  0.7109168418313956E-01  0.2000000029802322E+00  0.1000014279466458E+06  0.6079154968179842E+01 -0.4166005502231706E-01
  0.7198375962112451E-01  0.2000000029802323E+00  0.1000014279466632E+06  0.6079131603284387E+01 -0.4136245807175491E-01
  0.7279869459901447E-01  0.2000000029802322E+00  0.1000014279466472E+06  0.6079129219091513E+01 -0.4106210850633908E-01
  0.7339548798120339E-01  0.2000000029802322E+00  0.1000014279466434E+06  0.6079138278936986E+01 -0.4093029820115918E-01
  0.7366882264614105E-01  0.2000000029802322E+00  0.1000014279466613E+06  0.6079137802124023E+01 -0.4076716303825378E-01
